0 0000001010
0 1000000011
0 0000000010
0 1000000001
0 0000010000
0 1000000001
0 0000000100
0 0000000100
0 1000000001
0 0000100000
0 1000000101
0 0000010000
0 0001001000
0 0110000000
0 0000000100
0 1000000001
0 0001000000
0 1000000111
0 0001000000
0 0000000100
0 0010000001
0 1000000001
0 0000100000
0 1000000011
0 0000000010
0 1000000001
0 0000010010
0 0000010000
0 1000000001
0 0100000000
0 0001000001
0 1000000011
0 0010000000
0 0000100000
0 0001000000
0 0001000010
0 1000001110
0 0000000100
0 1000000001
0 0001001000
0 0000000010
0 1000001001
0 0000000001
0 0100000000
0 1000000001
0 0000100000
0 0000001000
0 0000010000
0 1000000001
0 0001000000
0 0010000000
0 1000000001
0 0000100000
0 1000000011
0 0000010000
0 1000000010
0 0000100000
0 0000001001
0 0000001000
0 1000000001
0 0000100000
0 0100000011
0 0000000001
0 1000000010
0 0000001000
0 1000000001
0 0010000000
0 1000000001
0 0110000000
0 0000000100
0 1000000010
0 0010000000
0 1000001011
0 0000000101
0 1000000101
0 0000000001
0 1000000010
0 0100000001
0 1000000010
0 0000000010
0 1000000101
0 0000010000
0 0000000010
0 1000000010
0 0010000000
0 1000000010
0 0010000000
0 0100000000
0 1000000001
0 0000000010
0 0000000010
0 1000000011
0 0010000000
0 1000000100
0 0100000000
0 1000000010
0 0100000000
0 1000000010
0 0000010001
0 0000010000
0 1000000001
0 0000100000
0 0100000000
0 1000000010
0 0000100100
0 1000000011
0 0000000010
0 1000000001
0 0000010000
0 1000000001
0 0100000000
0 1000000001
0 0000000010
0 0101000010
0 1000000010
0 0000000001
0 0000000010
0 1000000001
0 0000100000
0 0000010000
0 1000000001
0 0000001000
0 1000000111
0 0000001000
0 0010000000
0 0000000100
0 1000000101
0 0100000000
0 0000000001
0 1000000001
0 0010000001
0 1000000010
0 0010001000
0 1000000001
0 0001000000
0 1000000010
0 0000010000
0 1000000011
0 0000011000
0 1000000001
0 0000000001
0 0100000000
0 1000000011
0 0010000000
0 1000000001
0 0000000100
0 0100000000
0 0000000100
0 1000000001
0 0000001000
0 0000000100
0 0000001100
0 0000010000
0 0000000010
0 1000000110
0 0100000000
0 1000000001
0 0000100100
0 0000001001
0 1000000001
0 0000100000
0 1000000101
0 0000010000
0 0010000000
0 1000000001
0 0100000000
0 0100000010
0 0000000100
0 0000000010
0 1000000001
0 0000000010
0 0011001000
0 1000000011
0 0000100000
0 0000000100
0 1000000001
0 0000010000
0 1000000001
0 0000000010
0 0000000011
0 1000000011
0 0100000000
0 1000000001
0 0000000001
0 1000000001
0 0000010000
0 1000000101
0 0000000100
0 1000000010
0 0000100000
0 1000000001
0 0000010000
0 0000101000
0 1000001000
0 0000001000
0 1000000010
0 0000001000
0 1000000001
0 0001000000
0 0010000100
0 1000000100
0 0000000100
0 1000000001
0 0000010000
0 0010000010
0 0010000000
0 1000000001
0 0100000000
0 1000000001
0 0000001000
0 1000000001
0 0000010000
0 1000000010
0 0000000100
0 1000000110
0 0000010001
0 1000000010
0 0100000000
0 0000100010
0 1000000010
0 0000010000
0 1000000011
0 0010000000
0 1000000001
0 0010000000
0 1000000001
0 0000001000
0 1000000111
0 0000010000
0 1000000101
0 0010000000
0 0000000100
0 0000010001
0 1000000001
0 0110010000
0 1000000010
0 0000010000
0 0100000000
0 0001000000
0 0000000001
0 1000000001
0 0001000000
0 0000001000
0 1000000100
0 0100010000
0 1000000011
0 0000000100
0 1000000001
0 0000000001
0 1000001010
0 0000010001
0 0000000001
0 1000000011
0 0000000100
0 1000000001
0 0100000000
0 1000000111
0 0000000001
0 0000000010
0 0110000000
0 1000000010
0 0001000000
0 0000000100
0 1000000001
0 0010000000
0 0000000100
0 1000000010
0 0010000000
0 1000000001
0 0100000000
0 1000000011
0 0000000100
0 1000000010
0 0000000010
0 1000000001
0 0001000000
0 1000000010
0 0000100000
0 0000010000
0 1000000110
0 0000000001
0 0000100100
0 0000001100
0 1000000010
0 0100001000
0 0000000100
0 1000000001
0 0000000001
0 0001000000
0 1000000010
0 0010000000
0 1000000110
0 0000010000
0 1000000001
0 0000001000
0 1000000111
0 0000001000
0 0000100000
0 1000000101
0 0000011000
0 1000000001
0 0000000001
0 1000000111
0 0001000000
0 0000010001
0 0010000001
0 0000010000
0 0010010000
0 1000000010
0 0000100000
0 1000000100
0 0000001000
0 1000000010
0 0000001000
0 0010000000
0 0000010000
0 0100000000
0 1000001011
0 0100000000
0 1000000010
0 0010000100
0 0001000000
0 1000000110
0 0100000000
0 0000010000
0 1000000010
0 0100000000
0 1000000001
0 0000100000
0 1000000100
0 0000011000
0 1000000001
0 0100100000
0 1000000001
0 0011100000
0 1000000011
0 0000001000
0 0000001000
0 0000000001
0 0000000010
0 1000000001
0 0000010010
0 0000000001
0 1000000001
0 0010000000
0 1000000001
0 0100000000
0 0000000001
0 1000001001
0 0000101001
0 1000000010
0 0000100000
0 1000001000
0 0000010000
0 1000000010
0 0001001000
0 0001010000
0 0000000001
0 1000000110
0 0000000010
0 0001000000
0 1000000001
0 0000010000
0 0000100000
0 0000000001
0 1000000011
0 0001000000
0 1000000100
0 0000000100
0 1000000110
0 0000100100
0 1000000101
0 0000000100
0 1000000001
0 0000100000
0 0000000100
0 1000000011
0 0000010000
0 0000000100
0 1000000001
0 0000000010
0 0001000000
0 1000000011
0 0000000010
0 1000000011
0 0001000000
0 0100100000
0 0000000001
0 1000000010
0 0001000000
0 0000000100
0 0010000000
0 0100000000
0 1000000111
0 0100001001
0 1000000110
0 0001000000
0 0100100000
0 1000000011
0 0010000000
0 1000000011
0 0000010000
0 1000000111
0 0000000100
0 1000000011
0 0000100000
0 1000000001
0 0010000000
0 0000001000
0 1000000010
0 0000001000
0 1000000011
0 0000010000
0 0000001000
0 0000000100
0 1000000001
0 0100000000
0 1000000011
0 0000000010
0 1000000111
0 0000100000
0 1000000010
0 0000000010
0 1000000001
0 0000000001
0 0001000100
0 1000000011
0 0100000000
0 0000000001
0 1000000011
0 0000010000
0 1000000001
0 0000000001
0 1000000011
0 0000001100
0 1000000001
0 0000000001
0 0000000100
0 0000100000
0 1000000011
0 0010001000
0 1000000101
0 0000010000
0 1000000010
0 0100000000
0 1000000010
0 0000000011
0 1000000011
0 0010001000
0 0001000000
0 1000000010
0 0000010000
0 1000000100
0 0010000000
0 0001000000
0 1000000001
0 0010000000
0 1000000001
0 0000100010
0 1000000001
0 0000000100
0 1000000010
0 0100000000
0 0000001100
0 0000000001
0 0100000001
0 1000000010
0 0000000001
0 1000000011
0 0000001100
0 1000000011
0 0000100000
0 0000100000
0 1000000011
0 0000010000
0 0100010000
0 1000000110
0 0000000100
0 1000000010
0 0000000001
0 0000000100
0 0000000001
0 1000000010
0 0001100000
0 1000000010
0 0001000000
0 0011100000
0 0100000000
0 1000000101
0 0000000001
0 0100100000
0 1000000001
0 0000010001
0 1000000001
0 0000000001
0 0001000000
0 0001000000
0 1000000001
0 0010000000
0 1000000001
0 0000100000
0 0100000000
0 1000000001
0 0100000000
0 1000000011
0 0000100000
0 0010000000
0 1000000101
0 0000100000
0 1000000001
0 0000000010
0 1000000100
0 0000000100
0 1000000010
0 0000001000
0 1000000110
0 0000000001
0 1000000011
0 0010000000
0 0000010010
0 1000000001
0 0000000010
0 1000000111
0 0100000000
0 1000000010
0 0000000100
0 1000000010
0 0010000000
0 1000000011
0 0110000000
0 1000000010
0 0000001010
0 1000000101
0 0000100000
0 1000000100
0 0000000010
0 1000000011
0 0000000010
0 1000000100
0 0000010100
0 1000000100
0 0000100000
0 0001000000
0 1000000100
0 0000001000
0 1000000011
0 0100000000
0 0000001000
0 1000000011
0 0100000000
0 0010000000
0 1000000011
0 0100001000
0 1000000010
0 0100001010
0 1000000001
0 0000010000
0 1000000010
0 0000000010
0 0000000001
0 0000000100
0 1000000100
0 0000001000
0 1000000001
0 0000000001
0 1000000011
0 0000000010
0 1000000111
0 0000000010
0 0000000001
0 1000000001
0 0001000000
0 1000000101
0 0000010000
0 1000000110
0 0001000000
0 1000000010
0 0000000001
0 1000000010
0 0000010100
0 1000000001
1 0000100000
