0 000001010
0 000000000
0 000000000
0 000000000
0 000000010
0 000000000
0 000010000
0 000000000
0 000000100
0 000000100
0 000000000
0 000100000
0 000000000
0 000000000
0 000000000
0 000000000
0 000000000
0 000010000
0 001001000
0 110000000
0 000000100
0 000000000
0 001000000
0 000000000
0 000000000
0 000000000
0 000000000
0 000000000
0 000000000
0 000000000
0 001000000
0 000000100
0 010000001
0 000000000
0 000100000
0 000000000
0 000000000
0 000000000
0 000000010
0 000000000
0 000010010
0 000010000
0 000000000
0 100000000
0 001000001
0 000000000
0 000000000
0 000000000
0 010000000
0 000100000
0 001000000
0 001000010
0 000000000
0 000000000
0 000000000
0 000000000
0 000000000
0 000000000
0 000000000
0 000000000
0 000000000
0 000000000
0 000000000
0 000000000
0 000000000
0 000000000
0 000000100
0 000000000
0 001001000
0 000000010
0 000000000
0 000000000
0 000000000
0 000000000
0 000000000
0 000000000
0 000000000
0 000000000
0 000000000
0 000000001
0 100000000
0 000000000
0 000100000
0 000001000
0 000010000
0 000000000
0 001000000
0 010000000
0 000000000
0 000100000
0 000000000
0 000000000
0 000000000
0 000010000
0 000000000
0 000000000
0 000100000
0 000001001
0 000001000
0 000000000
0 000100000
0 100000011
0 000000001
0 000000000
0 000000000
0 000001000
0 000000000
0 010000000
0 000000000
0 110000000
0 000000100
0 000000000
0 000000000
0 010000000
0 000000000
0 000000000
0 000000000
0 000000000
0 000000000
0 000000000
0 000000000
0 000000000
0 000000000
0 000000000
0 000000000
0 000000101
0 000000000
0 000000000
0 000000000
0 000000000
0 000000000
0 000000001
0 000000000
0 000000000
0 100000001
0 000000000
0 000000000
0 000000010
0 000000000
0 000000000
0 000000000
0 000000000
0 000000000
0 000010000
0 000000010
0 000000000
0 000000000
0 010000000
0 000000000
0 000000000
0 010000000
0 100000000
0 000000000
0 000000010
0 000000010
0 000000000
0 000000000
0 000000000
0 010000000
0 000000000
0 000000000
0 000000000
0 000000000
0 100000000
0 000000000
0 000000000
0 100000000
0 000000000
0 000000000
0 000010001
0 000010000
0 000000000
0 000100000
0 100000000
0 000000000
0 000000000
0 000100100
0 000000000
0 000000000
0 000000000
0 000000010
0 000000000
0 000010000
0 000000000
0 100000000
0 000000000
0 000000010
0 101000010
0 000000000
0 000000000
0 000000001
0 000000010
0 000000000
0 000100000
0 000010000
0 000000000
0 000001000
0 000000000
0 000000000
0 000000000
0 000000000
0 000000000
0 000000000
0 000000000
0 000001000
0 010000000
0 000000100
0 000000000
0 000000000
0 000000000
0 000000000
0 000000000
0 100000000
0 000000001
0 000000000
0 010000001
0 000000000
0 000000000
0 010001000
0 000000000
0 001000000
0 000000000
0 000000000
0 000010000
0 000000000
0 000000000
0 000000000
0 000011000
0 000000000
0 000000001
0 100000000
0 000000000
0 000000000
0 000000000
0 010000000
0 000000000
0 000000100
0 100000000
0 000000100
0 000000000
0 000001000
0 000000100
0 000001100
0 000010000
0 000000010
0 000000000
0 000000000
0 000000000
0 000000000
0 000000000
0 000000000
0 100000000
0 000000000
0 000100100
0 000001001
0 000000000
0 000100000
0 000000000
0 000000000
0 000000000
0 000000000
0 000000000
0 000010000
0 010000000
0 000000000
0 100000000
0 100000010
0 000000100
0 000000010
0 000000000
0 000000010
0 011001000
0 000000000
0 000000000
0 000000000
0 000100000
0 000000100
0 000000000
0 000010000
0 000000000
0 000000010
0 000000011
0 000000000
0 000000000
0 000000000
0 100000000
0 000000000
0 000000001
0 000000000
0 000010000
0 000000000
0 000000000
0 000000000
0 000000000
0 000000000
0 000000100
0 000000000
0 000000000
0 000100000
0 000000000
0 000010000
0 000101000
0 000000000
0 000000000
0 000000000
0 000000000
0 000000000
0 000000000
0 000000000
0 000000000
0 000001000
0 000000000
0 000000000
0 000001000
0 000000000
0 001000000
0 010000100
0 000000000
0 000000000
0 000000000
0 000000000
0 000000100
0 000000000
0 000010000
0 010000010
0 010000000
0 000000000
0 100000000
0 000000000
0 000001000
0 000000000
0 000010000
0 000000000
0 000000000
0 000000100
0 000000000
0 000000000
0 000000000
0 000000000
0 000000000
0 000000000
0 000010001
0 000000000
0 000000000
0 100000000
0 000100010
0 000000000
0 000000000
0 000010000
0 000000000
0 000000000
0 000000000
0 010000000
0 000000000
0 010000000
0 000000000
0 000001000
0 000000000
0 000000000
0 000000000
0 000000000
0 000000000
0 000000000
0 000000000
0 000010000
0 000000000
0 000000000
0 000000000
0 000000000
0 000000000
0 010000000
0 000000100
0 000010001
0 000000000
0 110010000
0 000000000
0 000000000
0 000010000
0 100000000
0 001000000
0 000000001
0 000000000
0 001000000
0 000001000
0 000000000
0 000000000
0 000000000
0 000000000
0 100010000
0 000000000
0 000000000
0 000000000
0 000000100
0 000000000
0 000000001
0 000000000
0 000000000
0 000000000
0 000000000
0 000000000
0 000000000
0 000000000
0 000000000
0 000000000
0 000000000
0 000010001
0 000000001
0 000000000
0 000000000
0 000000000
0 000000100
0 000000000
0 100000000
0 000000000
0 000000000
0 000000000
0 000000000
0 000000000
0 000000000
0 000000000
0 000000001
0 000000010
0 110000000
0 000000000
0 000000000
0 001000000
0 000000100
0 000000000
0 010000000
0 000000100
0 000000000
0 000000000
0 010000000
0 000000000
0 100000000
0 000000000
0 000000000
0 000000000
0 000000100
0 000000000
0 000000000
0 000000010
0 000000000
0 001000000
0 000000000
0 000000000
0 000100000
0 000010000
0 000000000
0 000000000
0 000000000
0 000000000
0 000000000
0 000000000
0 000000001
0 000100100
0 000001100
0 000000000
0 000000000
0 100001000
0 000000100
0 000000000
0 000000001
0 001000000
0 000000000
0 000000000
0 010000000
0 000000000
0 000000000
0 000000000
0 000000000
0 000000000
0 000000000
0 000010000
0 000000000
0 000001000
0 000000000
0 000000000
0 000000000
0 000000000
0 000000000
0 000000000
0 000000000
0 000001000
0 000100000
0 000000000
0 000000000
0 000000000
0 000000000
0 000000000
0 000011000
0 000000000
0 000000001
0 000000000
0 000000000
0 000000000
0 000000000
0 000000000
0 000000000
0 000000000
0 001000000
0 000010001
0 010000001
0 000010000
0 010010000
0 000000000
0 000000000
0 000100000
0 000000000
0 000000000
0 000000000
0 000000000
0 000001000
0 000000000
0 000000000
0 000001000
0 010000000
0 000010000
0 100000000
0 000000000
0 000000000
0 000000000
0 000000000
0 000000000
0 000000000
0 000000000
0 000000000
0 000000000
0 000000000
0 000000000
0 100000000
0 000000000
0 000000000
0 010000100
0 001000000
0 000000000
0 000000000
0 000000000
0 000000000
0 000000000
0 000000000
0 100000000
0 000010000
0 000000000
0 000000000
0 100000000
0 000000000
0 000100000
0 000000000
0 000000000
0 000000000
0 000000000
0 000011000
0 000000000
0 100100000
0 000000000
0 011100000
0 000000000
0 000000000
0 000000000
0 000001000
0 000001000
0 000000001
0 000000010
0 000000000
0 000010010
0 000000001
0 000000000
0 010000000
0 000000000
0 100000000
0 000000001
0 000000000
0 000000000
0 000000000
0 000000000
0 000000000
0 000000000
0 000000000
0 000000000
0 000000000
0 000101001
0 000000000
0 000000000
0 000100000
0 000000000
0 000000000
0 000000000
0 000000000
0 000000000
0 000000000
0 000000000
0 000000000
0 000010000
0 000000000
0 000000000
0 001001000
0 001010000
0 000000001
0 000000000
0 000000000
0 000000000
0 000000000
0 000000000
0 000000000
0 000000010
0 001000000
0 000000000
0 000010000
0 000100000
0 000000001
0 000000000
0 000000000
0 000000000
0 001000000
0 000000000
0 000000000
0 000000000
0 000000000
0 000000100
0 000000000
0 000000000
0 000000000
0 000000000
0 000000000
0 000000000
0 000100100
0 000000000
0 000000000
0 000000000
0 000000000
0 000000000
0 000000100
0 000000000
0 000100000
0 000000100
0 000000000
0 000000000
0 000000000
0 000010000
0 000000100
0 000000000
0 000000010
0 001000000
0 000000000
0 000000000
0 000000000
0 000000010
0 000000000
0 000000000
0 000000000
0 001000000
0 100100000
0 000000001
0 000000000
0 000000000
0 001000000
0 000000100
0 010000000
0 100000000
0 000000000
0 000000000
0 000000000
0 000000000
0 000000000
0 000000000
0 000000000
0 100001001
0 000000000
0 000000000
0 000000000
0 000000000
0 000000000
0 000000000
0 001000000
0 100100000
0 000000000
0 000000000
0 000000000
0 010000000
0 000000000
0 000000000
0 000000000
0 000010000
0 000000000
0 000000000
0 000000000
0 000000000
0 000000000
0 000000000
0 000000000
0 000000100
0 000000000
0 000000000
0 000000000
0 000100000
0 000000000
0 010000000
0 000001000
0 000000000
0 000000000
0 000001000
0 000000000
0 000000000
0 000000000
0 000010000
0 000001000
0 000000100
0 000000000
0 100000000
0 000000000
0 000000000
0 000000000
0 000000010
0 000000000
0 000000000
0 000000000
0 000000000
0 000000000
0 000000000
0 000000000
0 000100000
0 000000000
0 000000000
0 000000010
0 000000000
0 000000001
0 001000100
0 000000000
0 000000000
0 000000000
0 100000000
0 000000001
0 000000000
0 000000000
0 000000000
0 000010000
0 000000000
0 000000001
0 000000000
0 000000000
0 000000000
0 000001100
0 000000000
0 000000001
0 000000100
0 000100000
0 000000000
0 000000000
0 000000000
0 010001000
0 000000000
0 000000000
0 000000000
0 000000000
0 000000000
0 000010000
0 000000000
0 000000000
0 100000000
0 000000000
0 000000000
0 000000011
0 000000000
0 000000000
0 000000000
0 010001000
0 001000000
0 000000000
0 000000000
0 000010000
0 000000000
0 000000000
0 000000000
0 000000000
0 010000000
0 001000000
0 000000000
0 010000000
0 000000000
0 000100010
0 000000000
0 000000100
0 000000000
0 000000000
0 100000000
0 000001100
0 000000001
0 100000001
0 000000000
0 000000000
0 000000001
0 000000000
0 000000000
0 000000000
0 000001100
0 000000000
0 000000000
0 000000000
0 000100000
0 000100000
0 000000000
0 000000000
0 000000000
0 000010000
0 100010000
0 000000000
0 000000000
0 000000000
0 000000000
0 000000000
0 000000000
0 000000100
0 000000000
0 000000000
0 000000001
0 000000100
0 000000001
0 000000000
0 000000000
0 001100000
0 000000000
0 000000000
0 001000000
0 011100000
0 100000000
0 000000000
0 000000000
0 000000000
0 000000000
0 000000000
0 000000001
0 100100000
0 000000000
0 000010001
0 000000000
0 000000001
0 001000000
0 001000000
0 000000000
0 010000000
0 000000000
0 000100000
0 100000000
0 000000000
0 100000000
0 000000000
0 000000000
0 000000000
0 000100000
0 010000000
0 000000000
0 000000000
0 000000000
0 000000000
0 000000000
0 000100000
0 000000000
0 000000010
0 000000000
0 000000000
0 000000000
0 000000000
0 000000100
0 000000000
0 000000000
0 000001000
0 000000000
0 000000000
0 000000000
0 000000000
0 000000000
0 000000000
0 000000001
0 000000000
0 000000000
0 000000000
0 010000000
0 000010010
0 000000000
0 000000010
0 000000000
0 000000000
0 000000000
0 000000000
0 000000000
0 000000000
0 000000000
0 100000000
0 000000000
0 000000000
0 000000100
0 000000000
0 000000000
0 010000000
0 000000000
0 000000000
0 000000000
0 110000000
0 000000000
0 000000000
0 000001010
0 000000000
0 000000000
0 000000000
0 000000000
0 000000000
0 000100000
0 000000000
0 000000000
0 000000000
0 000000000
0 000000010
0 000000000
0 000000000
0 000000000
0 000000010
0 000000000
0 000000000
0 000000000
0 000000000
0 000010100
0 000000000
0 000000000
0 000000000
0 000000000
0 000100000
0 001000000
0 000000000
0 000000000
0 000000000
0 000000000
0 000001000
0 000000000
0 000000000
0 000000000
0 100000000
0 000001000
0 000000000
0 000000000
0 000000000
0 100000000
0 010000000
0 000000000
0 000000000
0 000000000
0 100001000
0 000000000
0 000000000
0 100001010
0 000000000
0 000010000
0 000000000
0 000000000
0 000000010
0 000000001
0 000000100
0 000000000
0 000000000
0 000000000
0 000000000
0 000001000
0 000000000
0 000000001
0 000000000
0 000000000
0 000000000
0 000000010
0 000000000
0 000000000
0 000000000
0 000000000
0 000000000
0 000000000
0 000000000
0 000000010
0 000000001
0 000000000
0 001000000
0 000000000
0 000000000
0 000000000
0 000000000
0 000000000
0 000010000
0 000000000
0 000000000
0 000000000
0 000000000
0 000000000
0 000000000
0 001000000
0 000000000
0 000000000
0 000000001
0 000000000
0 000000000
0 000010100
0 000000000
1 000100000
