0 0000000000000000000000000000000
0 0000000000000000000000000000000
0 0000000000000000000000000000000
0 0000000000000000000000000000000
0 0000000000000000000000000000000
0 0000000000000000000000000000000
0 1111111111111111111111111111111
0 1111111111111111111111111111111
0 1111111111111111111111111111111
0 1111111111111111111111111111111
0 0000000000000000000000000000000
0 0000000000000000000000000000000
0 0000000000000000000000000000000
0 0000000000000000000000000000000
0 0000000000000000000000000000000
0 0000000000110000000000000000000
0 0000000000000000000000000000000
0 0000000000000000000000000000000
0 0000000000000000100000000000000
0 0000000000000001000000000000000
0 0000000000000100000000000000000
0 0000000000000000000000000000000
0 0000000000000000000000000000000
1 0000000000000000000000000000000