0 000000000000000000000000000000
0 000000000000000000000000000000
0 000000000000000000000000000000
0 000000000000000000000000000000
0 000000000000000000000000000000
0 000000000000000000000000000000
0 000000000000000000000000000000
0 000000000000000000000000000000
0 000000000000000000000000000000
0 000000000000000000000000000000
0 000000000000000000000000000000
0 000000000011000000000000000000
0 000000010000000000000000000000
0 000000000001100000000000000000
0 000000000000000010000000000000
0 000000000000000100000000000000
0 000000000000010000000000000000
0 000000000000000010000000000000
0 000000000000000110000000000000
1 000000000000000001000000000000