0 000001010
0 111000110
0 011101010
0 001110101
0 100011001
0 000011100
0 100001100
0 010011100
0 111110101
0 100111010
0 010110101
0 110001111
0 100001000
0 111010001
0 110001110
0 011101100
0 010111111
0 111011001
0 001010111
0 110100011
0 001000000
0 000101001
0 101110110
0 011000001
0 000100001
0 110000111
0 010001001
0 011110011
0 111100011
0 111010000
0 100010111
0 011111110
0 111011000
0 011011001
0 101110011
0 110100000
0 010100001
0 100100100
0 100100110
0 101011000
0 110010011
0 000111111
0 111000111
0 111001000
0 010000111
0 101110000
0 110010010
0 111011101
0 101111110
0 101011100
0 000000100
0 101111000
0 110100100
0 111000110
0 010100111
0 111000001
0 010011111
0 111001001
0 110001011
0 001101100
0 110001111
0 000011101
0 010100110
0 101101010
0 100110000
0 000111000
0 110110010
0 100001101
0 010101011
0 110010001
0 000110111
0 111010011
0 010100001
0 011111100
0 000111001
0 001001011
0 110101000
0 011111110
0 000011110
0 100111000
0 100101111
0 101010111
0 011100001
0 101111001
0 101011110
0 101000110
0 111000110
0 100100010
0 100010111
0 111110000
0 111100111
0 011110010
0 100000001
0 010011011
0 000100101
0 011011101
0 101010010
0 001100000
0 011001001
0 101010100
0 001111011
0 111001011
0 001010100
0 111010000
0 001011011
0 111110011
0 111011110
0 110001000
0 001000010
0 000011011
0 110110001
0 110010011
0 010111001
0 000111011
0 100110110
0 010010111
0 000100010
0 100110000
0 100100010
0 010101111
0 000111011
0 110010100
0 100111110
0 011110101
0 100001010
0 011001010
0 101001110
0 100011111
0 000100110
0 010110001
0 011010000
0 010101110
0 010000010
0 011110100
0 010001000
0 111011000
0 100100100
0 000110111
0 000011101
0 110010111
0 001010000
0 101001001
0 100000111
0 000110001
0 000010101
0 111001100
0 101111101
0 100101100
0 101011011
0 110000110
0 010101001
0 001101011
0 101110000
0 100101010
0 110000001
0 101100010
0 000100100
0 111010001
0 001101010
0 100010000
0 010100010
0 100000100
0 110100100
0 110000100
0 100110001
0 110001100
0 100010000
0 000110000
0 111101000
0 000000101
0 101110111
0 011001110
0 010011000
0 111101110
0 001010001
0 000011101
0 110000111
0 011101101
0 011110110
0 101100110
0 001010110
0 000111000
0 101101010
0 011100101
0 111010010
0 110001100
0 111010001
0 010000111
0 011100001
0 100010010
0 001110000
0 101101111
0 111101011
0 001110111
0 011001111
0 101101001
0 011110010
0 000111001
0 010000010
0 111111100
0 000001010
0 110111001
0 000010011
0 000100001
0 011001101
0 100011101
0 011101110
0 010110100
0 100010111
0 000001011
0 111001010
0 010001000
0 101110110
0 111101101
0 010110001
0 000010110
0 010110000
0 001100001
0 100000101
0 101011000
0 101111100
0 100000000
0 011011001
0 110011110
0 011101100
0 011001100
0 110111100
0 000110110
0 100111001
0 110010001
0 101010100
0 101010011
0 110100110
0 001001010
0 010000110
0 010011100
0 000100010
0 011000110
0 011110001
0 111110000
0 000100001
0 000110100
0 010000111
0 011011100
0 010000101
0 111101110
0 011001110
0 001100111
0 100010001
0 000101100
0 011000000
0 010001000
0 100010011
0 110000001
0 110110101
0 011011001
0 010001110
0 001101100
0 000101111
0 110011101
0 001001101
0 111111010
0 000111010
0 110111011
0 011011111
0 110001001
0 000011110
0 011111010
0 111010100
0 011011010
0 100001010
0 110000000
0 011101011
0 101110000
0 001001100
0 101100100
0 011101000
0 000111110
0 001010010
0 111111100
0 001000101
0 110011001
0 111000010
0 010111010
0 000001010
0 000001000
0 010000100
0 001010010
0 111111010
0 011011110
0 001111011
0 110000111
0 110010101
0 100101010
0 011100100
0 010110101
0 001101000
0 000100000
0 111110000
0 110101000
0 010100110
0 100001100
0 000110001
0 000000001
0 111111101
0 111100011
0 001010101
0 011111111
0 110011000
0 001011100
0 001110111
0 010101011
0 110001000
0 010100111
0 100010101
0 001110100
0 101101000
0 100000001
0 010111010
1 010000000
