0 00000101011100011001110101000111
0 01011000110010000111001000011000
0 10011100111110101100111010010110
0 10111000111110000100011101000111
0 00011100111011000101111111110110
0 01001010111110100011001000000000
0 10100110111011001100000100010000
0 11100001110100010010111100111111
0 00011111010000100010111011111110
0 11101100001101100110111001111010
0 00000101000011001001001001001101
0 01011000110010011000111111111000
0 11111100100001000011110111000011
0 00100101110111011011111101010111
0 00000000100101111000110100100111
0 00011001010011111100000101001111
0 11110010011100010110011011001100
0 01111000011101010100110101101010
0 10011000000011100011011001010000
0 11010101010111100100010001101111
0 11010011010100001011111100000111
0 00100100101111010100001111111000
0 00111101001110001001011111010101
0 11011100001101111001101011110101
0 00011011100011010010001010001011
0 11111100001111001110111100101000
0 00001010011011000100101011011101
0 10101001000110000001100100110101
0 01000011110111110010110010101001
0 11010000001011011111110011111011
0 11011000100000100001000001101111
0 01100011100100110101110010001110
0 11100110110010010111000100010100
0 11000010010001001010111100011101
0 11100101001001111100111101011000
0 01010011001010101001110100011111
0 00010011001011000101101000001010
0 11100100000100111101000100010001
0 11011000100100100000110111000011
0 10111001011100101000010100100110
0 00001110001100010000101011110011
0 00101111101100101100101011011110
0 00011001010100100110101110111000
0 01001010101100000011011000100001
0 00100111010001001101010100010000
0 01010001010000010011010010011000
0 01001001100011100011001000100000
0 00110000111101000000000101101110
0 11101100111001001100011110111000
0 10100010000111011100001110111011
0 01011110110101100110001010110000
0 11100010110101001110010111101001
0 01100011001110100010100001110111
0 00001100010010001110000101101111
0 11110101100111011101100111110110
0 10010111100100001110010100000101
0 11111100000001010110111001000010
0 01100010000101100110110001110101
0 11011100101101001000101110000010
0 11111001010010001000101110110111
0 10110101011000100001011001011000
0 00011000011000001011010110001011
0 11100100000000011011001110011110
0 01110110001100110011011110000011
0 01101001110011100100011010101001
0 01010011110100110001001010010000
0 11001001110000010001001100011001
0 11100011111100000001000010001101
0 00010000111011011100010000101111
0 10111001100111000110011110001000
0 10001011000110000000100010001000
0 10011110000001110110101011011001
0 01000111000110110000010111111001
0 11010010011011111110100001110101
0 10111011011011111110001001000011
0 11001111101011101010001101101010
0 00010101100000000111010111011100
0 00001001100101100100011101000000
0 11111000101001011111110000100010
0 11100110011110000100101110100000
0 01010000001000010000100001010010
0 11111101001101111000111101111000
0 01111100101011001010100111001000
0 10110101001101000000100000111110
0 00011010100001010011010000110000
0 01100010000000011111111011111000
0 11001010101011111111110011000001
0 01110000111011101010101111000100
0 00101001111000101010011101001011
1 01000100000001010111010010000000
