0 00100000
0 00100000
0 00000101
0 10000001
0 00000100
0 00010000
0 10000011
0 01000000
0 10000011
0 00000011
0 00000100
0 10000111
0 01000000
0 10000001
0 00001001
0 10000100
0 00001000
0 10000011
0 00000001
0 10000010
0 00100010
0 10000100
0 01000000
0 10000010
0 00000100
0 00010000
0 00001000
0 10000001
0 01000000
0 10000001
0 00001000
0 00100000
0 00000100
0 00000001
0 00000010
0 00000100
0 10000100
0 00000010
0 00000100
0 10000001
0 00010000
0 00001000
0 00001000
0 10000001
0 00000010
0 10000001
0 00000100
0 10000010
0 00000100
0 00010000
0 10000011
0 00100000
0 10000111
0 00010000
0 00000010
0 00000100
0 10000001
0 00010010
0 10001110
0 00010000
0 00000010
0 10000001
0 00000010
0 10000010
0 00000001
0 00000010
0 01000000
0 10000001
0 00000100
0 10000111
0 00000010
0 10001000
0 00111000
0 00001000
0 10000011
0 00001000
0 00000001
0 10000011
0 00000010
0 10000101
0 00100000
0 10000001
0 00010001
0 10000001
0 00000010
0 00100000
0 10000010
0 00000010
0 00001000
0 00100000
0 10001001
0 00000100
0 10000010
0 00000100
0 01001000
0 10000011
0 00100000
0 10000010
0 00100100
0 10000001
0 00000001
0 00000010
0 10000001
0 00000010
0 01000000
0 10000110
0 01000000
0 10000011
0 00000100
0 10000001
0 01000100
0 10000001
0 00100010
0 10000101
0 00000100
0 10000001
0 00000010
0 10000011
0 00010000
0 00000100
0 00000110
0 10000010
0 00010000
0 10000001
0 00010000
0 10000100
0 01000000
0 00000010
0 00001000
0 00000001
0 10001000
0 00001000
0 10001001
0 00100010
0 10000001
0 00000001
0 01000000
0 10000001
0 00001000
0 00100000
0 10000011
0 00000010
0 10000010
0 00000010
0 10000011
0 00010000
0 10000011
0 00000010
0 01000000
0 10000011
0 00100000
0 10000010
0 00010010
0 00000010
0 10000001
0 00000100
0 10000001
0 00000010
0 00000100
0 10000001
0 00001000
0 10000010
0 01100000
0 00010000
0 10001010
0 00000100
0 10000100
0 01000000
0 10000101
0 00010000
0 00001000
0 10000010
0 00000001
0 10000011
0 01010000
0 10000010
0 01000000
0 00001000
0 00100000
0 10000101
0 01000000
0 01000000
0 10000011
0 00100010
0 10000011
0 00000001
0 00010000
0 10000110
0 00000100
0 10000001
0 00100000
0 10000011
0 00000010
0 00100000
0 10001000
0 01000000
0 10000001
0 00101000
0 00000010
0 10000010
0 01100000
0 00100000
0 10000100
0 01000000
0 10000100
0 00000010
0 00000001
0 10000100
0 00000100
0 00000010
0 00000001
0 00000001
0 10000010
0 00000100
0 10000001
0 00010000
0 10000011
0 00010000
0 10000010
0 00000100
0 10000010
0 00100000
0 10000001
0 00000001
0 10000001
0 01000000
0 10000011
0 00000001
0 01001000
0 01000000
0 10000011
0 00001000
0 10000101
0 00100000
0 10000010
0 00100000
0 10001010
0 00100000
0 10000001
0 00000100
0 10000011
0 00010100
0 10000010
0 00000011
0 10001001
0 01000000
0 10000010
0 00000001
0 10000111
0 00001000
0 10000101
0 01000100
0 00000010
0 10000011
0 00010000
0 10000001
0 00100000
0 01000001
0 10000001
0 00000100
0 10000011
0 00010000
0 10000001
0 00100000
0 00000100
0 00111000
0 10000001
0 00100000
0 10000101
0 00100000
0 10000010
0 01000000
0 10000010
0 00000100
0 01000000
0 00000001
0 10000010
0 00011000
0 10000010
0 00000010
0 10000001
0 00001000
0 10000010
0 01000000
0 10000100
0 00000100
0 10000001
0 00000010
0 10010011
0 00000001
0 01000100
0 10000010
0 01000100
0 10000001
0 01010000
0 10000010
0 01000000
0 10000100
0 00010000
0 10000110
0 00100000
0 00000001
0 00001001
0 10000001
0 00010000
0 00001000
0 00000100
0 10000010
0 00000100
0 00000001
0 00100000
0 10000001
0 00010000
0 10000001
0 00000100
0 00001000
0 10000101
0 01000001
0 10000001
0 01000000
0 10000011
0 00000001
0 10000001
0 00000001
0 10001001
0 01100000
0 10000001
0 00000100
0 10000001
0 00001000
0 10000010
0 00010000
0 10000001
0 01000000
0 00001000
0 01001000
0 00000011
0 00000001
0 10000001
0 00100000
0 10001000
0 00100000
0 10000100
0 00000010
0 00000100
0 10000101
0 00001000
0 10000010
0 01000000
0 10000010
0 00100010
0 10000101
0 00000010
0 10000011
0 00010000
0 00000001
0 00001000
0 10000001
0 00000100
0 01000010
0 10000010
0 00000100
0 10000001
0 00010010
0 10000100
0 00000100
0 10000001
0 00001000
0 10000001
0 00000001
0 00010000
0 10000010
0 00000100
0 10000010
0 00010001
0 10000101
0 01010000
0 10000011
0 00010000
0 10000110
0 00000001
0 10000001
0 01001000
0 10000001
0 00000100
0 10000100
0 00000100
0 10000011
0 01000000
0 10000111
0 00010000
0 00000010
0 01000000
0 10000001
0 01000000
0 10001011
0 00100010
0 10000001
0 00100010
0 00001000
0 00000100
0 01000000
0 10001100
0 00001000
0 10000100
0 01000000
0 00000001
0 10000001
0 00000010
0 10000001
0 00000010
0 10000001
0 00010000
0 00000010
0 10000100
0 00000100
0 01000000
0 10000101
0 00000010
0 10000100
0 01000010
0 00000100
0 00010010
0 10000010
0 01000000
0 10000010
0 01000000
0 10000111
0 00100100
0 10000001
0 00000010
0 10000010
0 00000001
0 10000101
0 01000000
0 00010000
0 10000001
0 00001000
0 00100000
0 01000000
0 01000001
0 10000100
0 00000100
0 10000101
0 01000000
0 10001000
0 00000010
0 00100000
0 00010000
0 10000010
0 00100100
0 10000100
0 00100000
0 10001011
0 00000010
0 00010000
0 00010000
0 10000011
0 00010000
0 10000010
0 00100010
0 10000100
0 01000000
0 00010000
0 00000100
0 00100000
0 10000001
0 00000010
0 10000011
0 01000000
0 10000001
0 01000000
0 10000110
0 00001000
0 10000010
0 00000010
0 10000001
0 00100000
0 10000101
0 01000100
0 10000001
0 00010000
0 10000010
0 01000000
0 10000011
0 00000100
0 10000001
0 00110000
0 00000100
0 10001001
0 00000001
0 10000010
0 00010100
0 10000011
0 00000001
0 00000100
0 10000001
0 01000100
0 10000001
0 00000100
0 00001000
0 10000011
0 00001011
0 10000010
0 00100000
0 00001100
0 10000110
0 01000000
0 10001110
0 00010000
0 10000001
0 00000010
0 00010010
0 10000010
0 00000001
0 10000010
0 00010000
0 10000011
0 00010000
0 10000001
0 00000010
0 10001010
0 00011000
1 00010000
