0 00100000
0 00100000
0 00000101
0 00110000
0 00000100
0 00010000
0 10000001
0 00000100
0 10000001
0 01010000
0 10000001
0 00110000
0 10000001
0 00000011
0 00010100
0 10000001
0 00010000
0 10000011
0 00100000
0 10000001
0 01000000
0 00100000
0 00001001
0 00110000
0 10000011
0 00001000
0 10000011
0 00000001
0 10000010
0 01100010
0 10000010
0 00001000
0 10000001
0 01000100
0 10000001
0 00100010
0 00000100
0 00010010
0 00001000
0 10000001
0 01000000
0 00100000
0 00001000
0 00111000
0 00000100
0 00000001
0 00000010
0 00000110
0 00000100
0 10000011
0 00000010
0 00000100
0 10000001
0 00010000
0 00001000
0 00001000
0 00000100
0 00000010
0 10000001
0 01000100
0 10000001
0 00000010
0 01000100
0 00010000
0 10000011
0 00100000
0 10000011
0 00001000
0 00000010
0 10000001
0 01000000
0 01010000
0 00000010
0 00010100
0 00000010
0 00010010
0 10000011
0 00000001
0 10000001
0 00001001
0 10000011
0 00000100
0 00100000
0 10000001
0 00000010
0 10000001
0 00010000
0 00000010
0 10000001
0 00000010
0 00000001
0 00000001
0 01000001
0 00000010
0 01001000
0 00001000
0 00000100
0 10000101
0 00001000
0 00000010
0 00000010
0 10000001
0 00000010
0 10000001
0 00100000
0 10000100
0 01111000
0 00001000
0 10000010
0 00000001
0 00001000
0 00100001
0 00010000
0 10000010
0 00000011
0 10000101
0 00100000
0 00000100
0 00010001
0 00000110
0 00000010
0 00100000
0 10000010
0 00000010
0 00001000
0 00100000
0 00001000
0 10000001
0 00000001
0 10000001
0 00000101
0 00000010
0 10000001
0 00101000
0 00011000
0 00000110
0 10000010
0 00000100
0 01001000
0 10000011
0 00100000
0 00001000
0 00001000
0 00100100
0 10000001
0 00000001
0 01100010
0 10000001
0 00000010
0 01000100
0 00000010
0 10000001
0 00001000
0 00010000
0 00100000
0 00000001
0 01000010
0 10000010
0 00010000
0 00000100
0 10000001
0 01000100
0 10000001
0 00100010
0 01010000
0 10000001
0 00000100
0 10000001
0 00100000
0 01000100
0 10000001
0 00010010
0 10000001
0 00001001
0 10000001
0 00010000
0 00000100
0 00000110
0 10000010
0 00010000
0 10000001
0 00010000
0 10000001
0 01100000
0 10000010
0 01000000
0 00000010
0 00101100
0 00000001
0 10000001
0 00000010
0 10000110
0 00001000
0 10000001
0 00010001
0 10000110
0 00001000
0 00100010
0 10000001
0 00000011
0 01000000
0 10000001
0 00001000
0 00100000
0 10000011
0 00000010
0 10000010
0 00000010
0 10000010
0 00001000
0 00010000
0 10000011
0 00000010
0 01000000
0 10000001
0 00000100
0 01001000
0 00100000
0 00001000
0 00000100
0 00010010
0 00000011
0 00000100
0 01000100
0 00000100
0 01000010
0 00000100
0 10000001
0 00001010
0 10000010
0 01100000
0 00010000
0 00000100
0 10000001
0 00000010
0 00100000
0 10000110
0 00000100
0 00011000
0 10000010
0 01000010
0 01000000
0 10000010
0 01000000
0 10000010
0 00010000
0 00001000
0 00000100
0 10000001
0 00001001
0 10000011
0 01010000
0 00001000
0 10000001
0 01001000
0 00001000
0 00100000
0 10000101
0 01000000
0 01010000
0 10000011
0 00100010
0 10000011
0 00100001
0 00011000
0 10000001
0 00001000
0 10000010
0 00000001
0 10000001
0 00000100
0 10000001
0 00100000
0 10000011
0 00000011
0 00100000
0 10000010
0 00100000
0 10000001
0 00000010
0 10000011
0 01000011
0 10000001
0 00101000
0 00000010
0 00010000
0 10000001
0 01100000
0 00100001
0 00001000
0 10000010
0 00000001
0 01000000
0 10000100
0 00000010
0 00000001
0 10000100
0 00000100
0 00100010
0 00000001
0 00000001
0 00000100
0 00000001
0 00000100
0 10000001
0 00010000
0 10000011
0 00010000
0 10000010
0 00000100
0 10000010
0 00100000
0 10000001
0 00000001
0 10000001
0 01000000
0 10000011
0 00000001
0 01101000
0 01100000
0 10000001
0 00011000
0 01000001
0 00001000
0 00001000
0 10000100
0 00100000
0 10000010
0 00100010
0 00000010
0 10000100
0 01000000
0 10000010
0 00001000
0 10000001
0 00101000
0 10000001
0 00100100
0 10000011
0 00010100
0 10000010
0 00000011
0 00001000
0 00000001
0 10000011
0 00001000
0 10000011
0 01000100
0 00000010
0 10000001
0 00000001
0 00100000
0 00100000
0 10000001
0 00000001
0 00010100
0 10000010
0 00001000
0 10000001
0 00100000
0 10000001
0 00001100
0 10000001
0 01000100
0 00000010
0 10000010
0 00000010
0 00010000
0 10000001
0 00101000
0 01000001
0 10000001
0 00000100
0 10000010
0 00100000
0 00010000
0 00000001
0 00100000
0 00000100
0 01111000
0 10000001
0 00100000
0 10000001
0 00001010
0 00100000
0 10000010
0 00100000
0 10000001
0 01000100
0 01000000
0 10000001
0 00001000
0 00101100
0 01001000
0 00000001
0 10000010
0 00111000
0 10000010
0 00000010
0 10000001
0 01001000
0 10000010
0 01000010
0 10000010
0 00010000
0 10000001
0 00000100
0 10000001
0 00000010
0 01000001
0 10000100
0 00100000
0 10000011
0 00001000
0 00000001
0 00000100
0 10000001
0 00001000
0 10000001
0 00100000
0 10000010
0 00000100
0 00000001
0 01000100
0 10000010
0 01000100
0 10000001
0 01110000
0 10000010
0 01000001
0 01000000
0 10000001
0 01000000
0 10000001
0 00010000
0 10000110
0 00100000
0 00000001
0 00001001
0 00010000
0 00010000
0 00001000
0 00000100
0 10000001
0 00001000
0 00000110
0 00000001
0 00100000
0 10000001
0 00010000
0 10000001
0 00000100
0 00001000
0 10000101
0 01000101
0 00000010
0 01000000
0 10000011
0 00000001
0 10000001
0 00000001
0 00000010
0 00000001
0 10000101
0 00001000
0 10000001
0 01100000
0 10000001
0 00000100
0 00101000
0 00001000
0 10000010
0 00010010
0 10000001
0 01000000
0 00001000
0 01001000
0 00000011
0 00000001
0 10000001
0 00100000
0 00000001
0 10000011
0 00100000
0 10000010
0 00001000
0 00100000
0 10000100
0 00000010
0 00000100
0 10000001
0 00001000
0 00001000
0 10000010
0 01001000
0 10000010
0 01000000
0 00000001
0 10000001
0 00100010
0 10000011
0 01000000
0 00100000
0 00000010
0 00000111
0 10000001
0 00000010
0 00010000
0 00001001
0 00001001
0 00100000
0 00000110
0 01000010
0 00000001
0 10000001
0 00000100
0 10000001
0 00010010
0 10000011
0 01000000
0 00000100
0 10000001
0 00001000
0 10000001
0 00000001
0 00010000
0 00010000
0 10000001
0 00000100
0 10000010
0 00010011
0 10000101
0 01010000
0 10000010
0 00001000
0 00010000
0 10000010
0 00010000
0 10000011
0 00000011
0 10000001
0 01001000
0 10000001
0 00000101
0 00010000
0 10000010
0 00001000
0 00000100
0 10000010
0 00001000
0 01000100
0 10000010
0 00000010
0 10000001
0 00010100
0 10000010
0 00010000
0 00000010
0 01000000
0 10000001
0 01000000
0 10000110
0 00000001
0 00101000
0 10000011
0 00110010
0 10000001
0 01100010
0 00001000
0 00000100
0 01000000
0 10000010
0 00000010
0 10000100
0 00000010
0 10000010
0 00000100
0 10000001
0 00001100
0 00010000
0 00110000
0 10000010
0 01000001
0 00000001
0 10000001
0 00100010
0 01000000
0 00000010
0 00100100
0 00010100
0 00000010
0 10000100
0 00000100
0 01000000
0 10000010
0 00000001
0 10000010
0 00000010
0 10000100
0 01000010
0 00000100
0 00010010
0 10000010
0 01000000
0 01000000
0 10000001
0 01000100
0 10000100
0 00010000
0 10000010
0 00100100
0 10000001
0 00000010
0 10000010
0 00000001
0 10000010
0 00000010
0 10000010
0 01000000
0 00010000
0 00001000
0 00001000
0 00100000
0 01000000
0 01000001
0 10000100
0 00000100
0 10000001
0 00000110
0 10000010
0 00010000
0 01000000
0 10000101
0 00100000
0 10000001
0 00000100
0 00000010
0 00100000
0 00010000
0 10000010
0 00100100
0 00100010
0 00001000
0 10000001
0 00100000
0 00100100
0 00001000
0 00000100
0 10000001
0 00000010
0 10000101
0 00000010
0 10000001
0 00000010
0 00011000
0 00010000
0 00010000
0 10000010
0 00010000
0 00010000
0 00001000
0 00100010
0 10000010
0 00010000
0 10000001
0 01100001
0 00010100
0 00000100
0 00100000
0 00010100
0 00000010
0 10000010
0 00100000
0 01000000
0 10000001
0 01000001
0 00100000
0 10000101
0 00011000
0 10000001
0 00100000
0 00000010
0 00001000
0 00100001
0 10000001
0 00010000
0 10000001
0 00100100
0 00100000
0 01100100
0 00000001
0 00010000
0 10000010
0 01000000
0 00001000
0 10000010
0 00000100
0 01000000
0 00110000
0 00000100
0 00001000
0 10000010
0 00000100
0 00001000
0 10000011
0 00000001
0 00000001
0 00000100
0 10000001
0 00010100
0 10000010
0 00100000
0 00000001
0 00000100
0 00000100
0 01000100
0 10000001
0 00000100
0 00001000
0 10000011
0 01001011
0 10000010
0 00100000
0 00101100
0 10000001
0 01000000
0 01000000
0 10000001
0 01000000
0 01000000
0 01000000
0 10000100
0 01010000
0 10000001
0 00001100
0 10000011
0 00000010
0 00000010
0 10000001
0 01000000
0 00010000
0 10000001
0 00000011
0 00010010
0 10000010
0 01000001
0 10000010
0 00010000
0 10000011
0 00010000
0 00010001
0 00000010
0 10000010
0 01000000
0 01000110
0 10000001
0 00100000
0 10000010
0 00000001
0 10000001
0 00011000
0 00011000
0 10000001
0 00001000
0 10000010
1 00000100
