0 1000000000101
0 0010000000000
0 0000000010000
0 0000000100000
0 1000000000001
0 0001000000000
0 1000000000010
0 0000010000000
0 1000000000011
0 0000000000001
0 0000100000000
0 1000000000001
0 0000001000000
0 0000000010000
0 1000000000100
0 0000001000000
0 1000000000101
0 0000000000010
0 0000000100000
0 0001000000000
0 1000000000001
0 0100000000000
0 0100000000000
0 1000000000001
0 0010000010000
0 1000000000010
0 0010000001000
0 1000000000011
0 0000000000100
0 0000000010000
0 0000000100000
0 1000000000010
0 0000000000001
0 1000000000100
0 0000000010000
0 1000000000001
0 0000000000010
0 0000100000000
0 1000000000010
0 0000000100000
0 1000000000010
0 0000100010000
0 1000000000001
0 0000000000001
0 0000010000000
0 1000000000001
0 0001000000000
0 1000000000001
0 0100000000000
0 1000000000011
0 0000000001000
0 1000000000011
0 0001000000000
0 1000000000010
0 0100000000100
0 1000000000001
0 0000010001100
0 1000000001000
0 0001000000000
0 1000000000001
0 0000010000000
0 1000000000011
0 0000000000011
0 1000000000100
0 0000010000000
0 1000000000010
0 0000010000100
0 0000000000100
0 0010000000000
0 1000000001001
0 0000000010000
0 0000000000010
0 0000000001000
0 1000000000011
0 0000100001000
0 0000100000000
0 1000000000001
0 0100000000000
0 1000000000100
0 0000000000001
0 1000000000001
0 0000001000000
0 1000000000001
0 0010000000000
0 1000000000001
0 0001000000010
0 1000000000001
0 0000000001000
0 1000000000001
0 0000000000010
0 1000000000010
0 0100000000000
0 1000000000011
0 0000000100000
0 0000100000000
0 1000000000011
0 0000001000000
0 1000000000010
0 0000000100000
0 1000000000001
0 0000001000000
0 0000100000000
0 1000000000010
0 0000000000001
0 1000000000010
0 0000010000000
0 1000000001001
0 0110000000000
0 0010000100000
0 1000000000001
0 0010000000000
0 0100000000000
0 0000000000010
0 0000000100000
0 0010000000001
0 1000000000010
0 0000000100000
0 1000000000010
0 0010000000001
0 1000000000001
0 0010000000000
0 0000100000000
0 0000000001000
0 0001000000000
0 1000000000011
0 0000001100000
0 1000000000001
0 0010000000010
0 1000000000010
0 0000000000100
0 0100000000000
0 0000100000000
0 1000000000011
0 0100000000000
0 0000001010000
0 0000000001000
0 1000000000010
0 0000100000000
0 1000000000001
0 0000000100000
0 1000000000010
0 0010000000000
0 1000000000001
0 0000000000001
0 0000000001000
0 1000000000010
0 0000000001000
0 1000000000010
0 0000000010001
0 1000000000011
0 0000000100000
0 1000000000010
0 0001000010000
0 0010000000000
0 1000000000001
0 0000000010000
0 0000000001011
0 0000110000100
0 0000000000001
0 1000000000001
0 0000000000101
0 1000000000001
0 0000000000001
0 0000000000001
0 1000000000001
0 0000000100000
0 1000000000011
0 0000000001000
0 1000000000001
0 0001000000000
0 0000000100000
0 0010000000000
0 0000000000001
0 0000000000010
0 0000000000010
0 0000000000010
0 0110000000000
0 0000000000001
0 0000000100000
0 0000100001000
0 1000000000001
0 0000000000010
0 0100000000000
0 1000000000010
0 0100100000000
0 0000000000110
0 0000001000000
0 1000000000011
0 0000000000100
0 1000000000011
0 0000000000001
0 0000000010000
0 1000000000001
0 0000001000000
0 0000010000000
0 1000000000101
0 0100000000000
0 0000000000010
0 1000000000010
0 0000100000000
0 0000010000000
0 0000000000001
0 1000000000001
0 0000000010000
0 1000000000001
0 0000000000001
0 0000000000001
0 0001000000001
0 0000110100010
0 0110000000000
0 0100000000000
0 0000000000100
0 1000000000001
0 0110000000000
0 1000000000001
0 0000000000001
0 0010000000000
0 0000001000000
0 1000000000011
0 0000000100100
0 0000000000001
0 0000100000000
0 1000000000001
0 0000000000100
0 1000000000001
0 0000000000001
0 0001000000000
0 1000000000001
0 0000000001000
0 0010001100000
0 0010000000100
0 0000010000000
0 1000000000011
0 0000000000001
0 0000000001000
0 1000000000010
0 0000000010010
0 1000000000101
0 0000000100000
0 1000000000010
0 0000010000000
0 0000100000000
0 1000000000011
0 0100000000000
0 1000000000101
0 0000010000001
0 0001000000000
0 1000000000111
0 0000000000001
0 0101000000000
0 1000000000001
0 0010000100000
0 1000000000110
0 0000010000000
0 0000001101000
0 0000100000000
0 0000010000000
0 1000000000011
0 0000000001000
0 0000000010000
0 1000000000010
0 0000000000100
0 1000000000011
0 0001000000001
0 1000000000001
0 0000000010000
0 0000000000001
0 0000001000000
0 0000000010000
0 0000000001000
0 0010000000000
0 0000000001000
0 1000000000010
0 0101000000000
0 1000000000001
0 0000000001000
0 0000010000000
0 0000000010000
0 1000000000001
0 0100000000000
0 0000000100000
0 0000010000000
0 1000000000001
0 0010001000000
0 0010000000000
0 1000000000011
0 0000000010010
0 1000000000011
0 0000100000000
0 1000000000001
0 0001000000000
0 0010000000010
0 1000000000011
0 0000000000001
0 0000000001000
0 1000000000111
0 0000000001000
0 0000001000000
0 1000000000100
0 0100000000000
0 0000000001000
0 0010000000000
0 0000000000100
0 0010000000000
0 1000000000001
0 0100000010000
0 1000000001010
0 0001000000000
0 1000000000011
0 0000000000100
0 1000000000010
0 0000000000001
0 0010000000000
0 0000000010000
0 0000000000010
0 1000000000011
0 0000001010000
0 1000000000001
0 0000000010000
0 1000000000001
0 0001001000000
0 0000100000000
0 1000000000100
0 0100000000000
0 0000010000000
0 0000000001000
0 0000000010000
0 0000000000010
0 0000100000000
0 1000000000011
0 0000000000100
0 0000000001000
0 1000000000010
1 0000000010000
